%YAML:1.0

cam0:
  T_imu_cam:
    - [0.000000, -0.500000, 0.866025, 0.140000]
    - [-1.000000, 0.000000, 0.000000, 0.000000]
    - [0.000000, -0.866025, -0.500000, 0.000000]
    - [0.000000, 0.000000, 0.000000, 1.000000]
  cam_overlaps: [0]
  camera_model: pinhole
  distortion_coeffs: [0.0, 0.0, 0.0, 0.0]
  distortion_model: radtan
  intrinsics: [230.940108, 230.940108, 400.000000, 400.000000]
  resolution: [800, 800]
